0 0.044 0.548 0.062 0.186
0 0.066 0.925 0.07 0.113
9 0.13 0.228 0.075 0.122
0 0.184 0.417 0.08 0.087
0 0.267 0.668 0.138 0.114
0 0.239 0.309 0.053 0.086
0 0.292 0.824 0.094 0.198
0 0.349 0.342 0.083 0.116
0 0.415 0.557 0.095 0.111
0 0.466 0.652 0.08 0.092
0 0.582 0.226 0.18 0.255
9 0.559 0.914 0.061 0.084
9 0.588 0.579 0.103 0.145
0 0.691 0.553 0.053 0.069
9 0.707 0.656 0.086 0.119
0 0.775 0.951 0.062 0.092
0 0.824 0.759 0.133 0.216
0 0.827 0.417 0.073 0.116
0 0.821 0.901 0.058 0.095
0 0.911 0.485 0.15 0.152
0 0.946 0.07 0.073 0.089
0 0.969 0.944 0.062 0.113
