0 0.066 0.61 0.092 0.242
0 0.075 0.261 0.1 0.181
0 0.096 0.39 0.092 0.111
1 0.207 0.9 0.111 0.188
0 0.241 0.955 0.067 0.089
0 0.248 0.817 0.073 0.084
0 0.364 0.508 0.103 0.097
0 0.366 0.71 0.091 0.098
0 0.409 0.814 0.094 0.169
0 0.431 0.117 0.087 0.069
0 0.447 0.94 0.059 0.12
0 0.491 0.781 0.069 0.1
0 0.539 0.857 0.084 0.067
9 0.605 0.723 0.114 0.164
0 0.621 0.491 0.08 0.144
0 0.722 0.189 0.113 0.113
0 0.73 0.59 0.1 0.155
0 0.757 0.448 0.117 0.073
1 0.802 0.69 0.092 0.152
0 0.865 0.787 0.105 0.134
0 0.928 0.08 0.075 0.106
0 0.955 0.886 0.08 0.103
