1 0.095 0.809 0.103 0.122
1 0.086 0.949 0.078 0.102
1 0.255 0.174 0.092 0.139
0 0.28 0.302 0.072 0.102
1 0.319 0.137 0.091 0.13
0 0.335 0.554 0.058 0.098
0 0.366 0.657 0.056 0.067
0 0.384 0.889 0.072 0.1
0 0.445 0.461 0.15 0.197
0 0.433 0.191 0.091 0.114
1 0.448 0.835 0.07 0.098
0 0.491 0.191 0.097 0.131
0 0.57 0.108 0.084 0.094
0 0.567 0.566 0.072 0.12
1 0.63 0.716 0.089 0.084
0 0.667 0.316 0.062 0.113
0 0.727 0.163 0.127 0.144
0 0.71 0.408 0.083 0.1
1 0.738 0.85 0.087 0.141
0 0.765 0.481 0.061 0.103
0 0.786 0.753 0.094 0.141
0 0.842 0.372 0.091 0.169
1 0.86 0.88 0.114 0.123
0 0.87 0.767 0.056 0.075
1 0.929 0.382 0.102 0.145
0 0.93 0.683 0.084 0.128
9 0.959 0.301 0.083 0.164
