0 0.068 0.566 0.077 0.138
0 0.143 0.183 0.095 0.059
0 0.193 0.655 0.073 0.091
0 0.212 0.78 0.087 0.134
0 0.288 0.963 0.067 0.075
1 0.456 0.958 0.106 0.084
1 0.498 0.438 0.111 0.158
1 0.509 0.906 0.095 0.147
1 0.609 0.591 0.095 0.131
0 0.609 0.475 0.053 0.091
0 0.702 0.859 0.097 0.091
0 0.69 0.624 0.055 0.114
1 0.762 0.416 0.144 0.17
0 0.798 0.951 0.103 0.098
1 0.853 0.101 0.1 0.133
1 0.852 0.642 0.075 0.125
0 0.876 0.292 0.086 0.119
0 0.883 0.73 0.072 0.114
0 0.962 0.502 0.077 0.167
0 0.988 0.309 0.025 0.116
