0 0.076 0.371 0.092 0.123
0 0.113 0.702 0.103 0.116
0 0.178 0.622 0.084 0.128
9 0.241 0.256 0.097 0.119
0 0.295 0.673 0.07 0.133
0 0.33 0.164 0.08 0.097
0 0.39 0.533 0.08 0.106
0 0.427 0.158 0.109 0.116
0 0.46 0.702 0.073 0.083
0 0.579 0.337 0.092 0.114
0 0.566 0.816 0.058 0.117
9 0.637 0.661 0.092 0.119
0 0.64 0.563 0.086 0.161
9 0.65 0.775 0.081 0.119
0 0.668 0.394 0.07 0.122
0 0.692 0.293 0.059 0.077
9 0.719 0.53 0.069 0.119
9 0.741 0.641 0.08 0.131
0 0.813 0.475 0.13 0.138
0 0.812 0.17 0.066 0.119
0 0.858 0.208 0.091 0.134
0 0.981 0.93 0.037 0.083
