0 0.048 0.277 0.073 0.134
0 0.076 0.728 0.077 0.109
0 0.084 0.372 0.075 0.078
0 0.202 0.916 0.175 0.167
1 0.191 0.512 0.125 0.122
1 0.232 0.221 0.114 0.127
1 0.406 0.596 0.128 0.102
1 0.471 0.714 0.102 0.147
0 0.539 0.35 0.075 0.119
0 0.63 0.397 0.055 0.075
0 0.63 0.397 0.055 0.075
0 0.648 0.691 0.073 0.095
0 0.772 0.515 0.087 0.142
1 0.859 0.713 0.106 0.156
0 0.891 0.455 0.067 0.131
0 0.897 0.855 0.059 0.055
0 0.945 0.334 0.083 0.08
0 0.975 0.863 0.05 0.12
0 0.978 0.757 0.044 0.083
1 0.98 0.417 0.039 0.138
