9 0.09 0.786 0.13 0.194
0 0.126 0.935 0.08 0.13
0 0.276 0.949 0.098 0.102
0 0.291 0.361 0.055 0.091
0 0.452 0.854 0.119 0.142
9 0.517 0.62 0.122 0.123
9 0.523 0.505 0.055 0.077
0 0.585 0.788 0.067 0.098
0 0.683 0.373 0.119 0.144
0 0.748 0.747 0.073 0.066
9 0.763 0.236 0.089 0.131
0 0.825 0.508 0.059 0.119
9 0.851 0.237 0.095 0.139
0 0.878 0.785 0.062 0.117
0 0.872 0.964 0.05 0.072
0 0.92 0.912 0.097 0.108
9 0.927 0.534 0.106 0.156
0 0.899 0.661 0.036 0.072
9 0.964 0.768 0.072 0.158
0 0.991 0.905 0.019 0.155
