0 0.138 0.189 0.075 0.144
0 0.156 0.358 0.075 0.138
1 0.24 0.313 0.089 0.133
0 0.28 0.755 0.077 0.131
0 0.389 0.472 0.075 0.122
0 0.441 0.309 0.084 0.125
0 0.457 0.641 0.077 0.081
0 0.452 0.126 0.064 0.102
9 0.589 0.841 0.091 0.111
0 0.606 0.311 0.069 0.087
0 0.656 0.138 0.047 0.086
1 0.711 0.195 0.094 0.141
0 0.698 0.822 0.069 0.097
1 0.72 0.382 0.072 0.133
0 0.735 0.698 0.064 0.116
0 0.759 0.233 0.048 0.087
1 0.806 0.198 0.091 0.12
0 0.803 0.642 0.056 0.084
0 0.846 0.474 0.055 0.102
9 0.877 0.853 0.094 0.106
1 0.936 0.288 0.072 0.142
0 0.972 0.762 0.041 0.1
