1 0.072 0.316 0.141 0.194
0 0.055 0.817 0.078 0.153
0 0.227 0.949 0.105 0.102
0 0.298 0.631 0.084 0.119
0 0.388 0.741 0.1 0.136
0 0.379 0.564 0.067 0.103
0 0.512 0.362 0.134 0.142
0 0.505 0.916 0.102 0.138
1 0.552 0.552 0.13 0.178
0 0.584 0.948 0.077 0.103
1 0.684 0.774 0.133 0.155
0 0.702 0.265 0.062 0.105
0 0.787 0.548 0.073 0.094
0 0.792 0.905 0.081 0.131
0 0.802 0.725 0.087 0.097
0 0.817 0.616 0.075 0.142
0 0.82 0.281 0.064 0.1
0 0.879 0.621 0.07 0.102
1 0.941 0.931 0.105 0.138
0 0.949 0.629 0.086 0.086
1 0.971 0.489 0.058 0.113
