0 0.1 0.983 0.091 0.034
0 0.1 0.159 0.091 0.078
3 0.134 0.494 0.105 0.163
0 0.146 0.601 0.08 0.092
0 0.241 0.805 0.144 0.127
0 0.241 0.566 0.084 0.122
0 0.316 0.352 0.089 0.098
0 0.388 0.376 0.086 0.111
9 0.522 0.668 0.072 0.105
9 0.531 0.827 0.078 0.113
9 0.682 0.147 0.105 0.156
9 0.717 0.811 0.103 0.131
9 0.77 0.143 0.086 0.148
1 0.78 0.611 0.094 0.184
1 0.84 0.091 0.077 0.105
0 0.842 0.627 0.059 0.113
0 0.885 0.636 0.067 0.128
0 0.907 0.095 0.064 0.097
0 0.945 0.934 0.067 0.098
0 0.984 0.23 0.031 0.142
0 0.99 0.662 0.02 0.153
