0 0.07 0.824 0.084 0.13
0 0.084 0.442 0.105 0.141
10 0.126 0.589 0.098 0.109
9 0.131 0.354 0.081 0.133
1 0.166 0.763 0.083 0.12
10 0.192 0.539 0.122 0.134
0 0.237 0.205 0.078 0.077
1 0.28 0.333 0.138 0.128
9 0.445 0.852 0.083 0.108
0 0.531 0.47 0.072 0.102
9 0.567 0.601 0.097 0.108
1 0.585 0.196 0.108 0.117
9 0.602 0.753 0.094 0.131
0 0.697 0.565 0.072 0.127
0 0.718 0.955 0.095 0.091
0 0.806 0.101 0.153 0.111
9 0.806 0.584 0.103 0.145
0 0.812 0.891 0.072 0.102
0 0.848 0.364 0.127 0.134
0 0.919 0.855 0.084 0.142
0 0.943 0.182 0.077 0.102
0 0.953 0.489 0.072 0.128
0 0.965 0.691 0.07 0.094
0 0.972 0.396 0.056 0.105
