1 0.041 0.281 0.083 0.134
0 0.044 0.555 0.066 0.178
1 0.115 0.8 0.114 0.175
0 0.112 0.925 0.092 0.081
1 0.17 0.48 0.103 0.133
0 0.159 0.697 0.075 0.059
0 0.215 0.768 0.067 0.067
1 0.24 0.938 0.105 0.125
0 0.277 0.314 0.114 0.15
1 0.355 0.813 0.072 0.083
0 0.38 0.948 0.072 0.105
0 0.433 0.474 0.116 0.142
0 0.649 0.469 0.064 0.128
1 0.678 0.963 0.097 0.073
1 0.727 0.623 0.106 0.122
0 0.796 0.137 0.07 0.086
0 0.801 0.331 0.067 0.062
1 0.866 0.771 0.095 0.12
0 0.866 0.663 0.059 0.098
0 0.952 0.55 0.078 0.1
1 0.975 0.244 0.05 0.125
