0 0.054 0.651 0.07 0.127
0 0.113 0.564 0.066 0.094
1 0.148 0.832 0.125 0.123
0 0.159 0.716 0.105 0.078
0 0.202 0.477 0.102 0.102
0 0.234 0.966 0.073 0.067
1 0.273 0.539 0.119 0.131
0 0.302 0.366 0.08 0.095
1 0.322 0.617 0.091 0.1
0 0.352 0.705 0.097 0.1
0 0.396 0.573 0.13 0.1
0 0.499 0.438 0.108 0.073
0 0.605 0.62 0.084 0.081
0 0.652 0.869 0.069 0.097
0 0.661 0.591 0.078 0.098
9 0.721 0.299 0.142 0.177
0 0.698 0.668 0.084 0.077
0 0.78 0.789 0.102 0.097
0 0.873 0.171 0.055 0.095
0 0.945 0.059 0.077 0.087
0 0.957 0.475 0.086 0.109
0 0.96 0.822 0.08 0.147
