1 0.129 0.62 0.098 0.127
1 0.134 0.352 0.106 0.138
0 0.134 0.794 0.083 0.1
0 0.245 0.6 0.122 0.169
0 0.426 0.712 0.048 0.108
1 0.477 0.481 0.094 0.141
0 0.529 0.959 0.077 0.081
1 0.58 0.515 0.119 0.192
0 0.578 0.355 0.069 0.091
0 0.745 0.705 0.067 0.078
1 0.775 0.431 0.128 0.144
0 0.773 0.575 0.07 0.097
9 0.83 0.863 0.134 0.153
0 0.823 0.315 0.069 0.095
0 0.845 0.685 0.07 0.105
1 0.878 0.078 0.1 0.1
0 0.928 0.641 0.081 0.094
0 0.96 0.393 0.08 0.192
1 0.97 0.905 0.061 0.103
0 0.988 0.18 0.025 0.147
