0 0.039 0.526 0.056 0.161
0 0.118 0.251 0.07 0.102
0 0.171 0.521 0.111 0.123
0 0.175 0.902 0.106 0.195
0 0.185 0.66 0.073 0.083
9 0.348 0.92 0.12 0.127
1 0.345 0.688 0.108 0.138
0 0.36 0.469 0.13 0.15
9 0.363 0.796 0.136 0.142
0 0.488 0.212 0.08 0.111
1 0.529 0.87 0.102 0.15
1 0.602 0.717 0.066 0.125
0 0.624 0.124 0.067 0.095
0 0.645 0.973 0.091 0.055
9 0.714 0.151 0.119 0.161
0 0.739 0.721 0.138 0.123
0 0.759 0.41 0.072 0.111
0 0.781 0.227 0.087 0.1
0 0.792 0.592 0.066 0.097
9 0.927 0.216 0.147 0.17
0 0.962 0.609 0.058 0.095
0 0.97 0.884 0.059 0.138
