9 0.055 0.786 0.077 0.119
0 0.1 0.62 0.163 0.127
9 0.074 0.882 0.061 0.127
1 0.123 0.366 0.094 0.163
9 0.195 0.309 0.061 0.064
9 0.258 0.484 0.069 0.089
1 0.27 0.327 0.084 0.122
9 0.311 0.428 0.062 0.087
9 0.371 0.962 0.08 0.077
9 0.424 0.487 0.067 0.089
9 0.488 0.939 0.064 0.097
0 0.54 0.263 0.086 0.072
9 0.591 0.671 0.119 0.155
1 0.596 0.521 0.123 0.177
9 0.595 0.306 0.073 0.106
0 0.667 0.463 0.069 0.084
7 0.758 0.741 0.097 0.148
9 0.82 0.778 0.098 0.128
9 0.818 0.89 0.092 0.102
9 0.844 0.163 0.069 0.092
1 0.866 0.277 0.07 0.106
0 0.926 0.652 0.095 0.184
9 0.918 0.246 0.058 0.102
