0 0.113 0.67 0.098 0.1
0 0.132 0.237 0.067 0.069
1 0.201 0.953 0.092 0.094
0 0.246 0.485 0.092 0.117
0 0.313 0.981 0.07 0.037
1 0.466 0.398 0.113 0.166
3 0.573 0.73 0.089 0.102
1 0.593 0.638 0.08 0.127
0 0.646 0.618 0.058 0.07
0 0.662 0.521 0.073 0.089
0 0.674 0.175 0.073 0.097
1 0.677 0.898 0.075 0.083
0 0.761 0.18 0.069 0.078
0 0.808 0.535 0.062 0.095
0 0.841 0.95 0.061 0.069
1 0.901 0.283 0.105 0.156
0 0.893 0.373 0.045 0.059
0 0.941 0.117 0.081 0.097
0 0.97 0.863 0.061 0.097
0 0.975 0.623 0.05 0.12
