1 0.083 0.236 0.081 0.125
1 0.248 0.97 0.075 0.059
0 0.258 0.762 0.062 0.098
0 0.286 0.92 0.053 0.081
0 0.339 0.392 0.066 0.103
9 0.377 0.593 0.097 0.123
1 0.473 0.33 0.108 0.113
0 0.468 0.159 0.055 0.081
0 0.514 0.491 0.078 0.141
0 0.555 0.744 0.069 0.066
0 0.572 0.586 0.062 0.084
0 0.586 0.269 0.072 0.081
9 0.691 0.152 0.136 0.155
1 0.716 0.965 0.095 0.07
0 0.726 0.773 0.111 0.114
0 0.752 0.275 0.052 0.084
1 0.8 0.938 0.103 0.125
0 0.816 0.855 0.066 0.077
1 0.821 0.521 0.073 0.127
0 0.863 0.245 0.062 0.072
0 0.878 0.645 0.059 0.097
1 0.909 0.154 0.095 0.086
1 0.976 0.894 0.048 0.15
9 0.978 0.138 0.044 0.098
