0 0.023 0.356 0.03 0.087
0 0.095 0.826 0.086 0.108
0 0.141 0.557 0.064 0.108
1 0.214 0.264 0.084 0.119
0 0.248 0.949 0.091 0.102
0 0.305 0.836 0.073 0.081
0 0.397 0.291 0.075 0.087
0 0.45 0.801 0.072 0.086
0 0.529 0.965 0.095 0.07
0 0.618 0.896 0.083 0.105
0 0.663 0.773 0.064 0.113
1 0.713 0.653 0.108 0.119
0 0.726 0.757 0.058 0.089
0 0.778 0.889 0.087 0.097
0 0.802 0.247 0.067 0.094
0 0.831 0.685 0.066 0.092
0 0.852 0.445 0.059 0.078
0 0.911 0.927 0.078 0.105
0 0.941 0.122 0.119 0.134
1 0.947 0.473 0.106 0.158
0 0.942 0.585 0.072 0.095
