1 0.048 0.664 0.062 0.081
0 0.066 0.42 0.087 0.102
9 0.067 0.82 0.091 0.136
9 0.204 0.849 0.064 0.108
1 0.221 0.157 0.092 0.092
9 0.213 0.321 0.067 0.111
0 0.242 0.764 0.075 0.091
0 0.255 0.399 0.059 0.077
9 0.27 0.512 0.08 0.117
0 0.266 0.912 0.064 0.08
0 0.334 0.656 0.055 0.084
1 0.368 0.833 0.111 0.125
9 0.376 0.157 0.108 0.127
0 0.42 0.436 0.053 0.094
1 0.463 0.662 0.105 0.125
0 0.471 0.852 0.089 0.109
0 0.516 0.602 0.048 0.089
1 0.589 0.268 0.106 0.145
0 0.603 0.686 0.066 0.084
0 0.637 0.514 0.075 0.106
1 0.705 0.342 0.067 0.097
1 0.76 0.257 0.092 0.148
0 0.769 0.764 0.103 0.191
0 0.791 0.473 0.048 0.106
9 0.848 0.586 0.119 0.163
9 0.849 0.94 0.098 0.12
0 0.916 0.775 0.056 0.053
0 0.983 0.795 0.034 0.094
9 0.989 0.146 0.022 0.095
