0 0.031 0.202 0.047 0.083
0 0.088 0.584 0.048 0.091
9 0.162 0.568 0.086 0.105
0 0.191 0.205 0.089 0.134
0 0.268 0.708 0.058 0.081
3 0.366 0.67 0.148 0.175
0 0.344 0.826 0.062 0.08
9 0.374 0.295 0.089 0.131
0 0.457 0.42 0.052 0.095
0 0.516 0.855 0.116 0.148
1 0.555 0.373 0.095 0.144
0 0.58 0.477 0.053 0.07
1 0.676 0.814 0.114 0.153
0 0.709 0.717 0.069 0.091
1 0.758 0.189 0.094 0.141
0 0.789 0.304 0.056 0.086
0 0.813 0.938 0.095 0.123
9 0.848 0.748 0.084 0.123
1 0.9 0.904 0.1 0.13
0 0.975 0.594 0.05 0.1
1 0.981 0.095 0.037 0.141
