0 0.113 0.748 0.177 0.184
0 0.081 0.265 0.066 0.095
1 0.218 0.867 0.098 0.116
0 0.212 0.541 0.083 0.094
0 0.265 0.978 0.127 0.044
1 0.289 0.838 0.103 0.138
0 0.318 0.145 0.073 0.081
0 0.32 0.743 0.058 0.073
0 0.41 0.634 0.064 0.072
0 0.441 0.263 0.075 0.116
0 0.457 0.924 0.058 0.073
1 0.487 0.402 0.095 0.13
0 0.48 0.562 0.056 0.097
1 0.608 0.333 0.069 0.134
0 0.663 0.7 0.167 0.291
1 0.651 0.252 0.092 0.134
0 0.669 0.449 0.059 0.077
1 0.708 0.316 0.113 0.145
1 0.773 0.665 0.086 0.117
0 0.838 0.237 0.055 0.084
0 0.861 0.899 0.072 0.089
0 0.923 0.316 0.083 0.108
1 0.952 0.667 0.081 0.116
0 0.952 0.569 0.067 0.053
