0 0.023 0.223 0.034 0.08
0 0.048 0.958 0.045 0.084
1 0.1 0.891 0.091 0.102
0 0.191 0.743 0.075 0.114
1 0.22 0.959 0.131 0.081
0 0.197 0.353 0.062 0.097
0 0.217 0.466 0.059 0.077
0 0.301 0.415 0.061 0.083
0 0.348 0.604 0.067 0.086
0 0.366 0.186 0.07 0.084
0 0.368 0.976 0.045 0.048
0 0.391 0.677 0.072 0.123
1 0.466 0.35 0.123 0.147
0 0.449 0.708 0.058 0.069
0 0.463 0.877 0.059 0.108
0 0.508 0.505 0.072 0.122
0 0.555 0.652 0.055 0.091
0 0.597 0.842 0.075 0.084
1 0.611 0.586 0.094 0.131
1 0.645 0.19 0.12 0.155
0 0.62 0.705 0.061 0.07
1 0.657 0.519 0.095 0.169
0 0.661 0.83 0.066 0.08
0 0.701 0.602 0.064 0.083
0 0.71 0.384 0.058 0.091
1 0.727 0.733 0.077 0.116
0 0.822 0.384 0.097 0.127
1 0.853 0.896 0.087 0.102
9 0.862 0.071 0.105 0.086
