0 0.116 0.195 0.061 0.092
0 0.163 0.346 0.072 0.089
0 0.179 0.595 0.083 0.131
0 0.236 0.195 0.078 0.102
0 0.311 0.928 0.094 0.144
1 0.319 0.323 0.097 0.127
1 0.402 0.247 0.089 0.163
0 0.429 0.814 0.067 0.094
0 0.427 0.548 0.052 0.073
9 0.487 0.227 0.089 0.128
1 0.57 0.467 0.089 0.103
0 0.633 0.684 0.059 0.098
1 0.701 0.283 0.098 0.128
1 0.789 0.716 0.113 0.148
1 0.807 0.887 0.095 0.133
0 0.844 0.537 0.075 0.105
1 0.888 0.761 0.102 0.144
0 0.91 0.054 0.058 0.07
0 0.932 0.169 0.07 0.097
0 0.982 0.758 0.036 0.075
