1 0.055 0.66 0.072 0.13
0 0.069 0.53 0.072 0.081
1 0.173 0.675 0.087 0.119
1 0.209 0.957 0.103 0.086
0 0.238 0.498 0.061 0.087
0 0.284 0.491 0.064 0.094
0 0.302 0.596 0.07 0.083
0 0.355 0.917 0.103 0.128
1 0.398 0.113 0.1 0.055
1 0.421 0.838 0.086 0.116
0 0.438 0.539 0.103 0.113
0 0.433 0.18 0.059 0.052
1 0.436 0.677 0.066 0.084
1 0.491 0.966 0.091 0.067
0 0.535 0.158 0.064 0.081
1 0.541 0.249 0.07 0.089
1 0.569 0.607 0.097 0.127
3 0.659 0.437 0.123 0.139
1 0.745 0.935 0.089 0.092
0 0.756 0.107 0.047 0.092
0 0.764 0.228 0.056 0.091
0 0.768 0.681 0.055 0.106
0 0.81 0.07 0.064 0.081
0 0.82 0.684 0.062 0.083
0 0.817 0.191 0.053 0.086
9 0.862 0.861 0.111 0.159
0 0.873 0.48 0.062 0.092
1 0.93 0.269 0.066 0.119
0 0.927 0.873 0.047 0.072
1 0.958 0.598 0.075 0.122
0 0.98 0.884 0.041 0.109
1 0.986 0.204 0.028 0.139
