1 0.073 0.263 0.097 0.138
1 0.102 0.495 0.069 0.106
1 0.28 0.945 0.125 0.111
1 0.265 0.449 0.095 0.139
1 0.327 0.912 0.095 0.156
1 0.417 0.128 0.113 0.084
1 0.417 0.526 0.059 0.098
0 0.416 0.27 0.048 0.106
0 0.521 0.964 0.073 0.072
1 0.598 0.698 0.114 0.128
1 0.586 0.196 0.066 0.089
0 0.656 0.36 0.069 0.098
0 0.674 0.983 0.07 0.034
1 0.693 0.52 0.102 0.161
1 0.811 0.602 0.128 0.164
0 0.804 0.325 0.064 0.072
1 0.891 0.825 0.075 0.116
1 0.95 0.392 0.072 0.125
0 0.983 0.084 0.034 0.117
1 0.989 0.743 0.022 0.139
