0 0.072 0.602 0.072 0.089
0 0.149 0.56 0.083 0.145
0 0.255 0.883 0.081 0.091
0 0.3 0.677 0.075 0.113
0 0.376 0.184 0.083 0.098
1 0.473 0.576 0.106 0.145
9 0.477 0.22 0.103 0.148
0 0.505 0.935 0.083 0.13
1 0.521 0.737 0.086 0.127
0 0.583 0.618 0.059 0.089
0 0.637 0.223 0.075 0.095
0 0.658 0.894 0.078 0.075
0 0.655 0.641 0.052 0.095
0 0.727 0.448 0.144 0.144
1 0.72 0.725 0.108 0.109
0 0.779 0.147 0.098 0.169
9 0.801 0.655 0.089 0.166
0 0.896 0.738 0.061 0.084
0 0.916 0.426 0.084 0.108
0 0.934 0.623 0.061 0.103
