0 0.054 0.812 0.092 0.302
2 0.168 0.355 0.077 0.092
2 0.221 0.787 0.092 0.138
2 0.23 0.463 0.062 0.102
7 0.238 0.907 0.077 0.108
7 0.265 0.113 0.061 0.084
2 0.426 0.502 0.08 0.134
2 0.48 0.643 0.061 0.139
7 0.52 0.819 0.077 0.122
0 0.559 0.339 0.1 0.153
2 0.543 0.676 0.064 0.111
2 0.608 0.193 0.066 0.102
2 0.62 0.611 0.069 0.141
2 0.659 0.129 0.073 0.111
2 0.695 0.242 0.058 0.094
2 0.717 0.152 0.066 0.103
2 0.752 0.355 0.081 0.131
2 0.764 0.676 0.075 0.152
2 0.843 0.613 0.083 0.128
2 0.856 0.131 0.106 0.159
2 0.914 0.321 0.081 0.12
2 0.966 0.171 0.067 0.145
