0 0.044 0.595 0.087 0.191
1 0.058 0.779 0.078 0.136
0 0.067 0.31 0.072 0.077
0 0.112 0.171 0.086 0.133
0 0.181 0.32 0.097 0.114
0 0.243 0.716 0.105 0.202
0 0.23 0.22 0.069 0.097
0 0.291 0.401 0.117 0.195
0 0.327 0.127 0.067 0.064
0 0.487 0.766 0.109 0.136
1 0.52 0.215 0.067 0.105
1 0.536 0.328 0.081 0.097
1 0.553 0.563 0.087 0.105
1 0.587 0.502 0.08 0.164
1 0.595 0.371 0.094 0.095
1 0.623 0.123 0.083 0.108
1 0.629 0.509 0.08 0.134
0 0.683 0.46 0.084 0.114
1 0.809 0.485 0.064 0.117
0 0.839 0.666 0.081 0.12
0 0.852 0.207 0.091 0.117
1 0.85 0.391 0.087 0.156
1 0.87 0.819 0.077 0.131
1 0.953 0.705 0.066 0.152
0 0.959 0.842 0.059 0.103
