0 0.805 0.7 0.061 0.122 2 2 2 2 2 2 2
0 0.055 0.434 0.067 0.145 2 2 2 2 2 2 2
0 0.899 0.486 0.083 0.172 2 2 2 2 2 2 2
0 0.818 0.27 0.073 0.127 2 2 2 2 2 2 2
0 0.945 0.3 0.061 0.122 2 2 2 2 2 2 2
0 0.139 0.064 0.087 0.072 2 2 2 2 2 2 2
1 0.966 0.842 0.044 0.128 1 0 1 0 1 1 0
1 0.805 0.075 0.086 0.138 1 0 1 0 1 1 0
1 0.462 0.364 0.095 0.172 1 0 1 0 1 1 0
0 0.633 0.803 0.087 0.106 2 2 2 2 2 2 2
1 0.707 0.375 0.123 0.184 1 0 1 0 1 1 0
0 0.718 0.92 0.089 0.139 2 2 2 2 2 2 2
0 0.168 0.539 0.064 0.1 2 2 2 2 2 2 2
1 0.401 0.889 0.092 0.134 1 0 1 0 1 1 0
1 0.78 0.611 0.066 0.134 1 0 1 1 1 1 0
0 0.182 0.663 0.073 0.139 2 2 2 2 2 2 2
0 0.244 0.889 0.056 0.156 2 2 2 2 2 2 2
0 0.562 0.414 0.042 0.094 2 2 2 2 2 2 2
0 0.631 0.57 0.047 0.117 2 2 2 2 2 2 2
1 0.557 0.528 0.083 0.144 1 0 1 0 1 1 0
1 0.452 0.822 0.083 0.156 1 0 1 0 1 1 0
