0 0.742 0.575 0.059 0.128 2 2 2 2 2 2 2
0 0.835 0.889 0.07 0.1 2 2 2 2 2 2 2
1 0.821 0.325 0.086 0.172 1 0 1 0 1 1 0
0 0.87 0.142 0.081 0.128 2 2 2 2 2 2 2
0 0.94 0.495 0.07 0.077 2 2 2 2 2 2 2
0 0.973 0.641 0.047 0.105 2 2 2 2 2 2 2
0 0.034 0.214 0.05 0.094 2 2 2 2 2 2 2
1 0.907 0.592 0.105 0.15 1 0 1 0 1 1 0
0 0.113 0.664 0.078 0.15 2 2 2 2 2 2 2
1 0.084 0.277 0.092 0.167 1 0 1 0 1 1 0
9 0.54 0.214 0.105 0.194 1 0 1 0 1 1 0
0 0.041 0.686 0.064 0.184 2 2 2 2 2 2 2
1 0.274 0.345 0.086 0.155 1 0 1 0 1 1 0
0 0.144 0.072 0.072 0.144 2 2 2 2 2 2 2
0 0.707 0.683 0.086 0.122 2 2 2 2 2 2 2
0 0.523 0.55 0.145 0.278 2 2 2 2 2 2 2
0 0.071 0.834 0.086 0.167 2 2 2 2 2 2 2
0 0.041 0.091 0.045 0.095 2 2 2 2 2 2 2
