0 0.063 0.552 0.083 0.139 2 2 2 2 2 2 2
0 0.364 0.761 0.075 0.122 2 2 2 2 2 2 2
0 0.415 0.384 0.102 0.133 2 2 2 2 2 2 2
0 0.795 0.447 0.058 0.128 2 2 2 2 2 2 2
0 0.644 0.655 0.066 0.133 2 2 2 2 2 2 2
0 0.266 0.895 0.062 0.145 2 2 2 2 2 2 2
0 0.152 0.828 0.077 0.144 2 2 2 2 2 2 2
0 0.321 0.373 0.073 0.111 2 2 2 2 2 2 2
9 0.601 0.93 0.083 0.139 1 0 1 0 1 1 0
0 0.426 0.947 0.067 0.094 2 2 2 2 2 2 2
0 0.782 0.763 0.12 0.161 2 2 2 2 2 2 2
9 0.688 0.805 0.061 0.133 1 0 1 0 1 1 0
9 0.23 0.455 0.089 0.133 1 0 1 0 1 1 0
0 0.557 0.586 0.083 0.128 2 2 2 2 2 2 2
0 0.838 0.492 0.083 0.15 2 2 2 2 2 2 2
0 0.671 0.555 0.052 0.089 2 2 2 2 2 2 2
0 0.085 0.9 0.095 0.134 2 2 2 2 2 2 2
0 0.609 0.828 0.078 0.178 2 2 2 2 2 2 2
9 0.705 0.922 0.07 0.144 1 0 1 0 1 1 0
1 0.943 0.081 0.089 0.15 3 0 1 1 1 1 0
0 0.603 0.325 0.072 0.094 2 2 2 2 2 2 2
0 0.852 0.197 0.117 0.128 2 2 2 2 2 2 2
0 0.437 0.128 0.07 0.1 2 2 2 2 2 2 2
0 0.348 0.095 0.056 0.089 2 2 2 2 2 2 2
0 0.247 0.323 0.056 0.089 2 2 2 2 2 2 2
0 0.116 0.22 0.108 0.161 2 2 2 2 2 2 2
0 0.287 0.097 0.055 0.094 2 2 2 2 2 2 2
