0 0.674 0.845 0.052 0.089 2 2 2 2 2 2 2
9 0.72 0.923 0.086 0.133 1 0 1 1 1 1 0
1 0.114 0.628 0.1 0.156 1 0 1 1 1 1 0
1 0.791 0.459 0.083 0.139 1 0 1 1 1 1 0
0 0.285 0.33 0.17 0.295 2 2 2 2 2 2 2
0 0.44 0.245 0.095 0.145 2 2 2 2 2 2 2
0 0.918 0.05 0.133 0.087 2 2 2 2 2 2 2
0 0.435 0.723 0.098 0.167 2 2 2 2 2 2 2
0 0.48 0.555 0.089 0.123 2 2 2 2 2 2 2
1 0.721 0.627 0.083 0.167 1 0 1 1 1 1 0
9 0.78 0.57 0.111 0.183 1 0 1 1 1 1 0
0 0.883 0.58 0.1 0.217 2 2 2 2 2 2 2
0 0.645 0.1 0.062 0.134 2 2 2 2 2 2 2
0 0.144 0.489 0.053 0.144 2 2 2 2 2 2 2
0 0.909 0.242 0.064 0.15 2 2 2 2 2 2 2
