9 0.035 0.9 0.064 0.166 1 0 1 1 1 1 0
0 0.682 0.22 0.055 0.105 2 2 2 2 2 2 2
0 0.56 0.123 0.07 0.111 2 2 2 2 2 2 2
0 0.646 0.28 0.102 0.095 2 2 2 2 2 2 2
9 0.698 0.614 0.105 0.15 1 0 1 1 1 1 0
1 0.237 0.687 0.081 0.161 1 0 1 1 1 1 0
1 0.337 0.539 0.08 0.156 0 0 1 1 1 1 0
1 0.649 0.791 0.083 0.139 0 0 1 1 1 1 0
1 0.035 0.463 0.058 0.139 1 0 1 1 1 1 0
0 0.835 0.936 0.12 0.128 2 2 2 2 2 2 2
1 0.282 0.481 0.083 0.15 1 0 1 1 1 1 0
0 0.264 0.555 0.059 0.123 2 2 2 2 2 2 2
0 0.446 0.823 0.07 0.189 2 2 2 2 2 2 2
0 0.44 0.647 0.083 0.106 2 2 2 2 2 2 2
0 0.424 0.458 0.102 0.15 2 2 2 2 2 2 2
0 0.93 0.625 0.077 0.138 2 2 2 2 2 2 2
0 0.834 0.659 0.067 0.161 2 2 2 2 2 2 2
