9 0.17 0.053 0.067 0.094 0 0 1 1 1 1 0
0 0.671 0.045 0.039 0.077 2 2 2 2 2 2 2
9 0.873 0.07 0.075 0.139 1 0 1 1 1 1 0
9 0.693 0.442 0.12 0.15 1 0 1 1 1 1 0
9 0.326 0.325 0.083 0.138 1 0 1 1 1 1 0
9 0.966 0.27 0.067 0.127 1 0 1 1 1 1 0
0 0.46 0.314 0.067 0.128 2 2 2 2 2 2 2
1 0.693 0.197 0.108 0.172 1 0 1 1 1 1 0
9 0.864 0.834 0.094 0.189 1 0 1 1 1 1 0
0 0.761 0.947 0.066 0.094 2 2 2 2 2 2 2
1 0.232 0.27 0.105 0.173 1 0 1 1 1 1 0
9 0.054 0.736 0.095 0.184 1 0 1 1 1 1 0
9 0.256 0.059 0.069 0.105 1 0 1 1 1 1 0
0 0.619 0.337 0.144 0.139 2 2 2 2 2 2 2
9 0.588 0.614 0.139 0.216 1 0 1 1 1 1 0
9 0.53 0.742 0.067 0.128 0 0 1 1 1 1 0
1 0.521 0.17 0.111 0.195 1 0 1 1 1 1 0
9 0.266 0.741 0.127 0.139 1 0 1 1 1 1 0
