0 0.738 0.862 0.062 0.111 2 2 2 2 2 2 2
0 0.838 0.836 0.07 0.15 2 2 2 2 2 2 2
0 0.892 0.173 0.069 0.111 2 2 2 2 2 2 2
0 0.793 0.342 0.117 0.15 2 2 2 2 2 2 2
0 0.073 0.325 0.089 0.15 2 2 2 2 2 2 2
10 0.105 0.475 0.086 0.116 0 1 1 1 1 1 0
10 0.168 0.436 0.108 0.15 1 1 1 1 1 1 0
1 0.259 0.239 0.123 0.144 1 0 1 1 1 1 0
1 0.138 0.653 0.072 0.128 1 0 1 1 1 1 0
0 0.889 0.68 0.062 0.105 2 2 2 2 2 2 2
1 0.554 0.142 0.095 0.128 1 0 1 1 1 1 0
9 0.119 0.245 0.072 0.145 1 0 1 1 1 1 0
9 0.744 0.552 0.094 0.161 1 0 1 1 1 1 0
9 0.519 0.541 0.087 0.117 0 0 1 1 1 1 0
9 0.545 0.698 0.083 0.139 1 0 1 1 1 1 0
0 0.887 0.477 0.066 0.133 2 2 2 2 2 2 2
9 0.394 0.775 0.072 0.116 0 0 1 1 1 1 0
0 0.117 0.947 0.094 0.106 2 2 2 2 2 2 2
0 0.046 0.702 0.073 0.139 2 2 2 2 2 2 2
0 0.225 0.105 0.069 0.089 2 2 2 2 2 2 2
0 0.645 0.92 0.086 0.117 2 2 2 2 2 2 2
0 0.489 0.405 0.066 0.111 2 2 2 2 2 2 2
0 0.915 0.388 0.058 0.111 2 2 2 2 2 2 2
0 0.642 0.523 0.062 0.133 2 2 2 2 2 2 2
0 0.765 0.073 0.142 0.133 2 2 2 2 2 2 2
