0 0.844 0.608 0.034 0.072 2 2 2 2 2 2 2
0 0.416 0.703 0.048 0.106 2 2 2 2 2 2 2
1 0.779 0.598 0.077 0.117 1 0 1 1 1 1 0
9 0.514 0.823 0.072 0.111 0 0 1 1 1 1 0
9 0.525 0.098 0.075 0.161 0 0 1 1 1 1 0
9 0.305 0.933 0.111 0.122 0 0 1 1 1 1 0
9 0.073 0.923 0.095 0.133 0 0 1 1 1 1 0
1 0.856 0.705 0.078 0.123 1 0 1 1 1 1 0
1 0.476 0.402 0.111 0.161 0 0 1 1 1 1 0
0 0.79 0.72 0.055 0.073 2 2 2 2 2 2 2
1 0.48 0.689 0.072 0.144 1 0 1 1 1 1 0
0 0.707 0.62 0.067 0.117 2 2 2 2 2 2 2
0 0.091 0.583 0.077 0.178 2 2 2 2 2 2 2
0 0.821 0.189 0.055 0.122 2 2 2 2 2 2 2
0 0.427 0.08 0.045 0.095 2 2 2 2 2 2 2
1 0.27 0.714 0.059 0.094 1 0 1 1 1 1 0
1 0.358 0.052 0.062 0.083 1 0 1 1 1 1 0
3 0.555 0.916 0.105 0.145 1 1 1 0 1 1 0
3 0.195 0.109 0.117 0.195 1 1 1 0 1 1 0
1 0.787 0.464 0.092 0.15 1 0 1 1 1 1 0
0 0.674 0.78 0.114 0.173 2 2 2 2 2 2 2
