0 0.927 0.798 0.058 0.083 2 2 2 2 2 2 2
0 0.961 0.509 0.041 0.095 2 2 2 2 2 2 2
1 0.738 0.9 0.087 0.144 1 0 1 1 1 1 0
1 0.823 0.784 0.095 0.167 1 0 1 1 1 1 0
1 0.662 0.266 0.089 0.145 0 0 1 1 1 1 0
1 0.29 0.255 0.086 0.145 1 0 1 1 1 1 0
0 0.105 0.1 0.056 0.1 2 2 2 2 2 2 2
1 0.526 0.436 0.083 0.116 0 0 1 1 1 1 0
0 0.894 0.177 0.066 0.111 2 2 2 2 2 2 2
1 0.375 0.189 0.078 0.178 1 0 1 1 1 1 0
1 0.729 0.725 0.105 0.172 1 0 1 1 1 1 0
0 0.218 0.114 0.07 0.116 2 2 2 2 2 2 2
0 0.79 0.548 0.067 0.117 2 2 2 2 2 2 2
0 0.577 0.666 0.055 0.111 2 2 2 2 2 2 2
0 0.378 0.77 0.059 0.105 2 2 2 2 2 2 2
0 0.263 0.87 0.081 0.161 2 2 2 2 2 2 2
0 0.03 0.93 0.053 0.127 2 2 2 2 2 2 2
0 0.388 0.5 0.047 0.078 2 2 2 2 2 2 2
0 0.15 0.516 0.072 0.145 2 2 2 2 2 2 2
0 0.145 0.261 0.062 0.1 2 2 2 2 2 2 2
9 0.457 0.178 0.08 0.144 0 0 1 1 1 1 0
0 0.878 0.052 0.053 0.083 2 2 2 2 2 2 2
