1 0.364 0.778 0.094 0.178 1 0 1 1 0 1 0
7 0.111 0.37 0.062 0.105 0 1 0 0 0 0 0
0 0.479 0.514 0.111 0.216 2 2 2 2 2 2 2
0 0.622 0.559 0.116 0.195 2 2 2 2 2 2 2
0 0.848 0.473 0.12 0.211 2 2 2 2 2 2 2
0 0.404 0.566 0.092 0.145 2 2 2 2 2 2 2
0 0.961 0.455 0.034 0.089 2 2 2 2 2 2 2
3 0.913 0.634 0.098 0.155 1 1 1 0 1 1 0
3 0.263 0.575 0.114 0.194 1 1 1 0 1 1 0
3 0.587 0.32 0.086 0.139 1 1 1 0 1 1 0
3 0.673 0.378 0.092 0.2 1 1 1 0 1 1 0
3 0.232 0.881 0.117 0.15 1 1 1 0 1 1 0
3 0.23 0.737 0.108 0.161 1 1 1 0 1 1 0
7 0.123 0.266 0.081 0.089 0 1 0 0 0 0 0
