1 0.226 0.65 0.092 0.188 1 0 1 1 1 1 0
3 0.77 0.684 0.084 0.155 1 1 1 0 1 1 0
3 0.501 0.136 0.127 0.206 1 1 1 0 1 1 0
10 0.323 0.43 0.077 0.127 1 1 1 0 1 1 0
11 0.796 0.261 0.111 0.2 1 1 1 0 1 1 0
8 0.293 0.217 0.092 0.2 1 1 1 0 1 1 0
8 0.057 0.75 0.089 0.2 1 1 1 0 1 1 0
0 0.478 0.936 0.081 0.106 2 2 2 2 2 2 2
0 0.744 0.922 0.075 0.144 2 2 2 2 2 2 2
3 0.144 0.761 0.066 0.134 1 1 1 0 1 1 0
3 0.924 0.161 0.095 0.178 1 1 1 0 1 1 0
3 0.646 0.827 0.108 0.233 1 1 1 0 1 1 0
3 0.53 0.755 0.092 0.177 1 1 1 0 1 1 0
8 0.096 0.416 0.086 0.145 1 1 1 0 1 1 0
8 0.122 0.25 0.131 0.222 1 1 1 0 1 1 0
