0 0.263 0.663 0.1 0.161 2 2 2 2 2 2 2
0 0.451 0.561 0.105 0.178 2 2 2 2 2 2 2
0 0.849 0.884 0.105 0.155 2 2 2 2 2 2 2
0 0.114 0.6 0.1 0.134 2 2 2 2 2 2 2
0 0.031 0.738 0.044 0.211 2 2 2 2 2 2 2
4 0.535 0.441 0.095 0.183 1 1 1 0 0 0 0
4 0.549 0.67 0.086 0.127 1 1 1 0 0 0 0
4 0.638 0.927 0.123 0.133 1 1 1 0 0 0 0
4 0.916 0.177 0.073 0.133 0 1 1 0 0 0 0
4 0.924 0.07 0.07 0.105 0 1 1 0 0 0 0
0 0.28 0.161 0.092 0.122 2 2 2 2 2 2 2
0 0.88 0.475 0.087 0.172 2 2 2 2 2 2 2
4 0.437 0.122 0.077 0.144 1 1 1 0 0 0 0
