0 0.037 0.872 0.073 0.144 2 2 2 2 2 2 2
0 0.166 0.394 0.098 0.2 2 2 2 2 2 2 2
0 0.341 0.178 0.108 0.156 2 2 2 2 2 2 2
0 0.366 0.514 0.084 0.194 2 2 2 2 2 2 2
0 0.732 0.362 0.105 0.211 2 2 2 2 2 2 2
4 0.212 0.955 0.102 0.089 1 1 1 0 0 0 0
0 0.655 0.095 0.12 0.167 2 2 2 2 2 2 2
4 0.212 0.18 0.083 0.127 1 1 1 0 0 0 0
4 0.106 0.17 0.078 0.139 1 1 1 0 0 0 0
4 0.528 0.761 0.069 0.156 1 1 1 0 0 0 0
4 0.584 0.661 0.086 0.134 1 1 1 0 0 0 0
0 0.532 0.355 0.127 0.123 2 2 2 2 2 2 2
4 0.127 0.777 0.075 0.111 1 1 1 0 0 0 0
12 0.93 0.116 0.095 0.145 1 1 1 0 1 1 0
