2 0.389 0.614 0.094 0.194 0 0 1 0 0 0 0
2 0.728 0.495 0.075 0.133 0 0 1 0 0 0 0
2 0.673 0.733 0.092 0.178 0 0 1 0 0 0 0
2 0.47 0.689 0.086 0.144 0 0 1 0 0 0 0
2 0.179 0.711 0.092 0.156 0 0 1 0 0 0 0
2 0.177 0.884 0.058 0.111 0 0 1 0 0 0 0
2 0.552 0.888 0.061 0.111 0 0 1 0 0 0 0
2 0.134 0.616 0.078 0.145 0 0 1 0 0 0 0
2 0.366 0.941 0.097 0.117 0 0 1 0 0 0 0
2 0.702 0.202 0.077 0.117 0 0 1 0 0 0 0
2 0.739 0.109 0.097 0.139 0 0 1 0 0 0 0
2 0.641 0.108 0.084 0.15 0 0 1 0 0 0 0
2 0.065 0.22 0.08 0.239 0 0 1 0 0 0 0
