2 0.766 0.111 0.095 0.134 0 0 1 0 0 0 0
2 0.913 0.084 0.092 0.145 0 0 1 0 0 0 0
2 0.105 0.072 0.098 0.144 0 0 1 0 0 0 0
2 0.445 0.083 0.105 0.122 0 0 1 0 0 0 0
2 0.404 0.837 0.067 0.161 0 0 1 0 0 0 0
2 0.113 0.725 0.091 0.128 0 0 1 0 1 0 0
2 0.111 0.897 0.075 0.128 0 0 1 0 1 0 0
2 0.897 0.67 0.072 0.127 0 0 1 0 0 0 0
0 0.821 0.386 0.092 0.216 2 2 2 2 2 2 2
7 0.219 0.212 0.062 0.089 0 1 0 0 0 0 0
2 0.676 0.314 0.061 0.15 0 0 1 0 0 0 0
7 0.593 0.528 0.061 0.1 0 1 0 0 0 0 0
2 0.952 0.205 0.064 0.155 0 0 1 0 0 0 0
2 0.031 0.12 0.056 0.161 0 0 1 0 0 0 0
2 0.221 0.075 0.102 0.128 0 0 1 0 0 0 0
2 0.687 0.455 0.089 0.133 0 0 1 0 0 0 0
2 0.141 0.598 0.084 0.139 0 0 1 0 0 0 0
2 0.397 0.58 0.072 0.117 0 0 1 0 0 0 0
2 0.529 0.261 0.089 0.144 0 0 1 0 0 0 0
