2 0.473 0.364 0.086 0.172 1 0 1 0 0 0 0
2 0.641 0.545 0.105 0.155 1 0 1 0 1 0 0
2 0.494 0.645 0.1 0.155 1 0 1 0 0 0 0
2 0.955 0.489 0.07 0.156 1 0 1 0 1 0 0
2 0.62 0.884 0.075 0.145 1 0 1 0 0 0 0
2 0.734 0.933 0.069 0.122 1 0 1 0 0 0 0
2 0.409 0.705 0.064 0.123 1 0 1 0 0 0 0
2 0.351 0.559 0.077 0.117 1 0 1 0 0 0 0
2 0.318 0.33 0.086 0.161 1 0 1 0 0 0 0
2 0.231 0.292 0.075 0.15 1 0 1 0 0 0 0
2 0.145 0.334 0.062 0.133 1 0 1 0 0 0 0
2 0.679 0.689 0.092 0.156 1 0 1 0 1 0 0
7 0.043 0.311 0.073 0.122 0 1 0 0 0 0 0
2 0.466 0.775 0.067 0.138 1 0 1 0 0 0 0
