2 0.645 0.541 0.117 0.117 1 0 1 0 0 0 0
2 0.843 0.736 0.08 0.128 1 0 1 0 0 0 0
2 0.598 0.62 0.07 0.117 1 0 1 0 0 0 0
2 0.492 0.655 0.078 0.155 1 0 1 0 0 0 0
2 0.923 0.755 0.073 0.189 1 0 1 0 0 0 0
2 0.849 0.855 0.073 0.155 1 0 1 0 0 0 0
2 0.337 0.364 0.073 0.128 1 0 1 0 0 0 0
2 0.101 0.922 0.089 0.156 1 0 1 0 0 0 0
0 0.755 0.153 0.109 0.172 2 2 2 2 2 2 2
2 0.486 0.07 0.084 0.117 1 0 1 0 0 0 0
2 0.611 0.355 0.087 0.145 1 0 1 0 0 0 0
2 0.276 0.295 0.083 0.155 1 0 1 0 0 0 0
2 0.506 0.93 0.087 0.117 1 0 1 0 0 0 0
