7 0.182 0.141 0.067 0.105 0 1 0 0 0 0 0
2 0.239 0.059 0.072 0.105 1 0 1 0 0 0 0
2 0.163 0.591 0.086 0.161 1 0 1 0 0 0 0
2 0.434 0.661 0.07 0.144 1 0 1 0 0 0 0
2 0.804 0.236 0.077 0.128 1 0 1 0 1 0 0
2 0.883 0.153 0.081 0.172 1 0 1 0 0 0 0
2 0.915 0.866 0.058 0.155 1 0 1 0 0 0 0
0 0.287 0.739 0.086 0.134 2 2 2 2 2 2 2
3 0.223 0.247 0.098 0.172 1 1 1 0 1 1 0
2 0.642 0.464 0.075 0.15 1 0 1 0 0 0 0
2 0.566 0.461 0.077 0.156 1 0 1 0 0 0 0
2 0.43 0.141 0.127 0.139 1 0 1 0 0 0 0
2 0.327 0.406 0.073 0.2 1 0 1 0 0 0 0
2 0.267 0.367 0.072 0.122 1 0 1 0 0 0 0
2 0.326 0.066 0.089 0.111 1 0 1 0 0 0 0
2 0.813 0.848 0.064 0.117 1 0 1 0 0 0 0
2 0.682 0.573 0.098 0.167 1 0 1 0 0 0 0
