0 0.063 0.105 0.095 0.145 2 2 2 2 2 2 2
2 0.263 0.598 0.062 0.161 1 0 1 0 0 0 0
2 0.145 0.25 0.098 0.166 1 0 1 0 0 0 0
2 0.386 0.634 0.062 0.145 1 0 1 0 0 0 0
2 0.372 0.252 0.072 0.139 1 0 1 0 0 0 0
2 0.508 0.52 0.072 0.105 1 0 1 0 0 0 0
2 0.776 0.739 0.077 0.122 1 0 1 0 0 0 0
2 0.301 0.458 0.127 0.172 1 0 1 0 1 0 0
2 0.71 0.67 0.08 0.105 1 0 1 0 0 0 0
2 0.037 0.652 0.067 0.139 1 0 1 0 0 0 0
7 0.244 0.273 0.062 0.111 1 1 0 0 0 0 0
2 0.932 0.253 0.067 0.172 1 0 1 0 0 0 0
2 0.329 0.611 0.064 0.156 1 0 1 0 0 0 0
2 0.549 0.35 0.117 0.178 1 0 1 0 0 0 0
3 0.244 0.072 0.094 0.144 1 1 1 0 1 1 0
2 0.554 0.814 0.07 0.116 1 1 1 0 1 1 0
2 0.799 0.95 0.055 0.1 1 1 1 0 1 1 0
2 0.452 0.9 0.077 0.1 1 1 1 0 1 1 0
