5 0.517 0.467 0.084 0.2 1 0 1 1 1 1 1
5 0.21 0.32 0.155 0.295 2 0 1 1 1 1 1
5 0.946 0.761 0.083 0.234 1 0 1 1 1 1 0
5 0.49 0.911 0.145 0.166 1 0 1 1 1 1 0
0 0.045 0.239 0.07 0.144 2 2 2 2 2 2 2
5 0.696 0.705 0.139 0.255 2 0 1 1 1 1 1
5 0.584 0.539 0.136 0.244 2 0 1 1 1 1 1
5 0.315 0.116 0.098 0.145 1 0 1 1 1 1 1
5 0.377 0.239 0.119 0.178 1 0 1 1 1 1 1
5 0.398 0.475 0.111 0.172 1 0 1 1 1 1 0
5 0.413 0.664 0.111 0.184 1 0 1 1 1 1 1
0 0.212 0.897 0.102 0.206 2 2 2 2 2 2 2
5 0.576 0.359 0.12 0.183 1 0 1 1 1 1 1
