1 0.506 0.611 0.113 0.122 1 0 1 1 1 1 0
1 0.872 0.07 0.078 0.127 1 0 1 1 0 1 0
0 0.125 0.117 0.059 0.1 2 2 2 2 2 2 2
0 0.091 0.364 0.102 0.272 2 2 2 2 2 2 2
0 0.262 0.523 0.123 0.233 2 2 2 2 2 2 2
1 0.873 0.23 0.113 0.205 2 0 1 1 1 1 0
1 0.57 0.308 0.083 0.15 1 0 1 1 1 1 0
0 0.962 0.661 0.058 0.222 2 2 2 2 2 2 2
0 0.954 0.366 0.067 0.167 2 2 2 2 2 2 2
0 0.497 0.492 0.1 0.128 2 2 2 2 2 2 2
0 0.721 0.68 0.145 0.173 2 2 2 2 2 2 2
0 0.532 0.898 0.133 0.183 2 2 2 2 2 2 2
0 0.088 0.875 0.095 0.216 2 2 2 2 2 2 2
