1 0.877 0.772 0.119 0.156 1 0 1 1 0 1 0
1 0.704 0.734 0.092 0.145 1 0 1 1 0 1 0
7 0.106 0.723 0.078 0.133 0 1 0 0 0 0 0
1 0.176 0.323 0.105 0.167 1 0 1 1 0 1 0
0 0.857 0.45 0.102 0.212 2 2 2 2 2 2 2
0 0.566 0.473 0.114 0.267 2 2 2 2 2 2 2
0 0.468 0.173 0.133 0.233 2 2 2 2 2 2 2
0 0.423 0.705 0.117 0.167 2 2 2 2 2 2 2
0 0.243 0.486 0.114 0.216 2 2 2 2 2 2 2
0 0.071 0.064 0.098 0.128 2 2 2 2 2 2 2
0 0.774 0.139 0.117 0.222 2 2 2 2 2 2 2
1 0.335 0.35 0.12 0.212 1 0 1 1 1 1 0
1 0.677 0.184 0.089 0.167 1 0 1 1 1 1 0
1 0.742 0.639 0.091 0.178 1 0 1 1 0 1 0
1 0.58 0.914 0.073 0.128 1 0 1 1 1 1 0
