0 0.267 0.689 0.084 0.166 2 2 2 2 2 2 2
1 0.47 0.795 0.08 0.145 1 0 1 1 0 1 0
0 0.085 0.355 0.064 0.123 2 2 2 2 2 2 2
1 0.537 0.77 0.067 0.139 1 0 1 1 0 1 0
1 0.38 0.875 0.087 0.128 1 0 1 1 0 1 0
0 0.03 0.187 0.053 0.139 2 2 2 2 2 2 2
0 0.628 0.734 0.059 0.145 2 2 2 2 2 2 2
0 0.938 0.47 0.086 0.161 2 2 2 2 2 2 2
0 0.48 0.375 0.114 0.163 2 2 2 2 2 2 2
0 0.68 0.303 0.108 0.15 2 2 2 2 2 2 2
0 0.765 0.614 0.136 0.172 2 2 2 2 2 2 2
0 0.285 0.075 0.177 0.138 2 2 2 2 2 2 2
1 0.188 0.77 0.073 0.139 0 0 1 1 0 1 0
1 0.466 0.122 0.067 0.156 1 0 1 1 0 1 0
1 0.636 0.93 0.081 0.127 1 0 1 1 0 1 0
