1 0.131 0.834 0.097 0.167 1 0 1 1 1 1 0
0 0.782 0.073 0.07 0.111 2 2 2 2 2 2 2
0 0.191 0.13 0.092 0.095 2 2 2 2 2 2 2
0 0.152 0.245 0.056 0.111 2 2 2 2 2 2 2
0 0.58 0.695 0.098 0.145 2 2 2 2 2 2 2
0 0.606 0.836 0.053 0.106 2 2 2 2 2 2 2
0 0.478 0.703 0.069 0.128 2 2 2 2 2 2 2
0 0.19 0.625 0.114 0.184 2 2 2 2 2 2 2
0 0.907 0.656 0.086 0.2 2 2 2 2 2 2 2
1 0.33 0.055 0.073 0.089 1 0 1 0 0 1 0
1 0.724 0.116 0.114 0.145 1 0 1 1 1 1 0
1 0.48 0.947 0.12 0.106 1 0 1 1 1 1 0
1 0.457 0.511 0.117 0.156 1 0 1 1 1 1 0
0 0.923 0.273 0.086 0.167 2 2 2 2 2 2 2
0 0.679 0.495 0.08 0.145 2 2 2 2 2 2 2
0 0.752 0.509 0.072 0.139 2 2 2 2 2 2 2
0 0.281 0.93 0.056 0.127 2 2 2 2 2 2 2
0 0.823 0.578 0.064 0.122 2 2 2 2 2 2 2
