1 0.473 0.798 0.086 0.161 0 0 1 1 1 1 0
0 0.886 0.6 0.05 0.1 2 2 2 2 2 2 2
0 0.707 0.375 0.061 0.116 2 2 2 2 2 2 2
9 0.878 0.205 0.138 0.189 2 0 1 1 1 1 0
0 0.728 0.561 0.056 0.1 2 2 2 2 2 2 2
0 0.674 0.68 0.12 0.139 2 2 2 2 2 2 2
0 0.912 0.872 0.114 0.144 2 2 2 2 2 2 2
0 0.574 0.928 0.08 0.1 2 2 2 2 2 2 2
0 0.407 0.925 0.067 0.094 2 2 2 2 2 2 2
0 0.162 0.55 0.064 0.087 2 2 2 2 2 2 2
0 0.33 0.384 0.117 0.167 2 2 2 2 2 2 2
0 0.113 0.134 0.066 0.111 2 2 2 2 2 2 2
0 0.462 0.145 0.07 0.123 2 2 2 2 2 2 2
0 0.154 0.411 0.098 0.134 2 2 2 2 2 2 2
0 0.145 0.791 0.092 0.217 2 2 2 2 2 2 2
0 0.031 0.4 0.05 0.166 2 2 2 2 2 2 2
0 0.594 0.075 0.059 0.106 2 2 2 2 2 2 2
0 0.736 0.2 0.078 0.113 2 2 2 2 2 2 2
1 0.31 0.597 0.095 0.15 1 0 1 1 1 1 0
9 0.323 0.705 0.12 0.155 1 0 1 1 1 1 0
9 0.304 0.823 0.108 0.133 1 0 1 1 1 1 0
9 0.676 0.111 0.105 0.178 2 0 1 1 1 1 0
1 0.546 0.658 0.055 0.128 0 0 1 1 1 1 0
