1 0.762 0.791 0.094 0.161 1 0 1 1 1 1 0
0 0.412 0.375 0.07 0.128 2 2 2 2 2 2 2
0 0.138 0.602 0.091 0.217 2 2 2 2 2 2 2
1 0.684 0.439 0.095 0.178 1 0 1 1 1 1 0
0 0.571 0.241 0.061 0.105 2 2 2 2 2 2 2
0 0.799 0.114 0.042 0.094 2 2 2 2 2 2 2
0 0.852 0.43 0.05 0.095 2 2 2 2 2 2 2
0 0.589 0.95 0.05 0.087 2 2 2 2 2 2 2
1 0.492 0.625 0.097 0.206 1 0 1 1 1 1 0
1 0.34 0.911 0.111 0.144 1 0 1 1 1 1 0
1 0.554 0.442 0.083 0.128 1 0 1 1 1 1 0
1 0.593 0.558 0.092 0.172 1 0 1 1 1 1 0
0 0.111 0.447 0.069 0.106 2 2 2 2 2 2 2
0 0.065 0.13 0.061 0.083 2 2 2 2 2 2 2
