0 0.704 0.659 0.048 0.117 2 2 2 2 2 2 2
0 0.753 0.666 0.056 0.089 2 2 2 2 2 2 2
0 0.813 0.47 0.052 0.095 2 2 2 2 2 2 2
0 0.722 0.2 0.05 0.1 2 2 2 2 2 2 2
0 0.773 0.17 0.047 0.095 2 2 2 2 2 2 2
1 0.369 0.767 0.078 0.122 0 0 1 1 1 1 0
0 0.772 0.045 0.056 0.089 2 2 2 2 2 2 2
1 0.166 0.872 0.092 0.122 0 0 1 1 1 1 0
0 0.903 0.888 0.047 0.111 2 2 2 2 2 2 2
1 0.887 0.6 0.066 0.134 0 0 1 1 1 1 0
1 0.877 0.264 0.056 0.128 0 0 1 1 1 1 0
1 0.952 0.205 0.058 0.145 0 0 1 1 1 1 0
0 0.304 0.839 0.089 0.144 2 2 2 2 2 2 2
1 0.034 0.541 0.061 0.139 0 0 1 1 1 1 0
0 0.844 0.872 0.041 0.078 2 2 2 2 2 2 2
1 0.67 0.909 0.08 0.105 0 0 1 1 1 1 0
0 0.269 0.512 0.062 0.089 2 2 2 2 2 2 2
0 0.213 0.406 0.055 0.1 2 2 2 2 2 2 2
0 0.256 0.406 0.056 0.1 2 2 2 2 2 2 2
1 0.519 0.559 0.087 0.139 0 0 1 1 1 1 0
9 0.784 0.847 0.098 0.172 1 0 1 1 1 1 0
3 0.612 0.398 0.111 0.161 1 1 1 0 1 1 0
1 0.429 0.928 0.08 0.122 0 0 1 1 1 1 0
1 0.147 0.575 0.078 0.128 0 0 1 1 1 1 0
1 0.38 0.039 0.094 0.066 0 0 1 1 1 1 0
0 0.506 0.1 0.056 0.087 2 2 2 2 2 2 2
0 0.719 0.078 0.044 0.1 2 2 2 2 2 2 2
1 0.509 0.194 0.062 0.1 1 0 1 1 0 1 0
0 0.398 0.472 0.092 0.122 2 2 2 2 2 2 2
1 0.391 0.612 0.059 0.089 0 0 1 1 1 1 0
0 0.054 0.416 0.064 0.089 2 2 2 2 2 2 2
0 0.409 0.113 0.053 0.061 2 2 2 2 2 2 2
