0 0.209 0.847 0.077 0.128 2 2 2 2 2 2 2
0 0.97 0.67 0.053 0.095 2 2 2 2 2 2 2
0 0.875 0.57 0.066 0.105 2 2 2 2 2 2 2
0 0.795 0.42 0.052 0.083 2 2 2 2 2 2 2
0 0.758 0.217 0.059 0.1 2 2 2 2 2 2 2
0 0.902 0.108 0.12 0.15 2 2 2 2 2 2 2
1 0.886 0.458 0.1 0.172 1 0 1 1 1 1 0
0 0.766 0.656 0.062 0.1 2 2 2 2 2 2 2
0 0.375 0.209 0.066 0.095 2 2 2 2 2 2 2
1 0.655 0.605 0.095 0.133 1 0 1 1 1 1 0
0 0.125 0.441 0.053 0.117 2 2 2 2 2 2 2
0 0.267 0.736 0.066 0.094 2 2 2 2 2 2 2
0 0.403 0.72 0.066 0.095 2 2 2 2 2 2 2
0 0.47 0.925 0.086 0.138 2 2 2 2 2 2 2
0 0.557 0.836 0.07 0.116 2 2 2 2 2 2 2
0 0.605 0.722 0.056 0.122 2 2 2 2 2 2 2
0 0.663 0.714 0.048 0.094 2 2 2 2 2 2 2
0 0.709 0.853 0.077 0.106 2 2 2 2 2 2 2
0 0.83 0.905 0.067 0.111 2 2 2 2 2 2 2
1 0.204 0.158 0.073 0.128 0 0 1 1 1 1 0
0 0.07 0.702 0.077 0.117 2 2 2 2 2 2 2
