3 0.337 0.148 0.105 0.161 1 1 1 0 1 1 0
0 0.273 0.337 0.102 0.161 2 2 2 2 2 2 2
0 0.221 0.097 0.114 0.15 2 2 2 2 2 2 2
0 0.055 0.383 0.098 0.222 2 2 2 2 2 2 2
8 0.498 0.228 0.123 0.156 1 1 1 0 1 1 0
8 0.513 0.367 0.108 0.178 1 1 1 0 1 1 0
8 0.141 0.678 0.098 0.2 1 1 1 0 1 1 0
3 0.595 0.213 0.083 0.161 1 1 1 0 1 1 0
3 0.701 0.4 0.098 0.278 1 1 1 0 1 1 0
8 0.796 0.395 0.117 0.277 2 1 1 0 1 1 0
3 0.441 0.084 0.117 0.145 1 1 1 0 1 1 0
3 0.491 0.9 0.111 0.178 1 1 1 0 1 1 0
3 0.438 0.516 0.098 0.189 1 1 1 0 1 1 0
