3 0.765 0.077 0.105 0.111 1 1 1 0 1 0 0
8 0.346 0.891 0.136 0.195 0 1 1 0 1 1 0
8 0.045 0.538 0.077 0.211 0 1 1 0 1 1 0
0 0.514 0.208 0.066 0.128 2 2 2 2 2 2 2
0 0.596 0.955 0.067 0.089 2 2 2 2 2 2 2
3 0.543 0.345 0.067 0.123 0 1 1 0 1 0 0
3 0.891 0.659 0.092 0.183 1 1 1 0 1 0 0
3 0.791 0.753 0.095 0.15 1 1 1 0 1 0 0
3 0.566 0.572 0.12 0.156 1 1 1 0 1 0 0
3 0.402 0.786 0.07 0.116 0 1 1 0 1 0 0
3 0.071 0.403 0.061 0.15 0 1 1 0 1 0 0
11 0.284 0.248 0.098 0.183 0 1 1 0 1 1 0
8 0.615 0.391 0.123 0.217 0 1 1 0 1 1 0
3 0.838 0.233 0.095 0.178 1 1 1 0 1 0 0
