12 0.82 0.433 0.102 0.178 1 1 1 0 1 1 0
12 0.574 0.828 0.092 0.156 1 1 1 0 1 1 0
3 0.25 0.866 0.075 0.155 1 1 1 0 1 1 0
3 0.709 0.161 0.064 0.156 1 1 1 0 1 1 0
1 0.596 0.339 0.08 0.166 1 0 1 1 1 1 0
0 0.69 0.627 0.12 0.333 2 2 2 2 2 2 2
3 0.585 0.064 0.095 0.106 1 1 1 0 1 1 0
3 0.12 0.3 0.106 0.178 1 1 1 0 1 1 0
3 0.455 0.18 0.07 0.161 1 1 1 0 1 1 0
1 0.935 0.259 0.092 0.205 1 0 1 1 0 1 0
3 0.724 0.923 0.133 0.133 1 1 1 0 1 1 0
3 0.295 0.628 0.089 0.178 1 1 1 0 1 1 0
8 0.516 0.65 0.087 0.166 1 1 1 0 1 1 0
8 0.426 0.605 0.111 0.189 1 1 1 0 1 1 0
11 0.146 0.52 0.12 0.195 1 1 1 0 1 1 0
8 0.218 0.633 0.108 0.2 1 1 1 0 1 1 0
