1 0.06 0.455 0.102 0.133 1 0 1 1 1 1 0
3 0.859 0.133 0.092 0.178 1 1 1 0 1 1 0
13 0.157 0.161 0.08 0.156 1 1 1 0 1 1 0
11 0.263 0.136 0.081 0.184 1 1 1 0 1 1 0
8 0.352 0.18 0.098 0.217 1 1 1 0 1 1 0
3 0.676 0.425 0.105 0.172 1 1 1 0 1 1 0
3 0.704 0.739 0.111 0.144 1 1 1 0 1 1 0
3 0.852 0.922 0.075 0.156 1 1 1 0 1 1 0
3 0.782 0.875 0.089 0.184 1 1 1 0 1 1 0
3 0.516 0.323 0.102 0.167 1 1 1 0 1 1 0
1 0.138 0.925 0.117 0.15 1 0 1 1 1 1 0
7 0.695 0.877 0.08 0.133 0 1 0 0 0 0 0
13 0.041 0.609 0.064 0.139 1 1 1 0 0 1 0
