3 0.568 0.605 0.086 0.167 1 1 1 0 1 1 0
3 0.654 0.25 0.08 0.2 1 1 1 0 1 1 0
1 0.726 0.142 0.098 0.172 1 0 1 1 1 1 0
8 0.171 0.205 0.114 0.211 2 1 1 0 1 1 0
8 0.832 0.759 0.102 0.239 1 1 1 0 1 1 0
11 0.23 0.747 0.095 0.15 1 1 1 0 1 1 0
11 0.184 0.441 0.095 0.183 1 1 1 0 1 1 0
3 0.282 0.302 0.083 0.161 1 1 1 0 1 1 0
3 0.94 0.198 0.095 0.183 1 1 1 0 1 1 0
3 0.712 0.909 0.108 0.183 1 1 1 0 1 1 0
11 0.349 0.394 0.105 0.2 1 1 1 0 1 1 0
11 0.095 0.5 0.102 0.166 1 1 1 0 1 1 0
10 0.744 0.755 0.094 0.223 1 1 1 0 1 1 0
