4 0.37 0.886 0.062 0.116 1 1 1 0 0 0 0
4 0.332 0.298 0.083 0.083 1 1 1 0 0 0 0
0 0.474 0.078 0.114 0.144 2 2 2 2 2 2 2
0 0.557 0.745 0.095 0.155 2 2 2 2 2 2 2
4 0.639 0.855 0.081 0.123 1 1 1 0 1 0 0
4 0.324 0.187 0.067 0.139 1 1 1 0 0 0 0
4 0.738 0.52 0.087 0.117 1 1 1 0 1 0 0
4 0.269 0.187 0.069 0.139 1 1 1 0 0 0 0
0 0.972 0.573 0.056 0.189 2 2 2 2 2 2 2
0 0.959 0.183 0.083 0.178 2 2 2 2 2 2 2
0 0.538 0.364 0.083 0.228 2 2 2 2 2 2 2
4 0.568 0.162 0.098 0.111 1 1 1 0 1 0 0
4 0.157 0.214 0.061 0.106 1 1 1 0 0 0 0
