0 0.881 0.317 0.103 0.178 2 2 2 2 2 2 2
4 0.668 0.736 0.089 0.128 1 1 1 0 1 0 0
0 0.832 0.786 0.102 0.194 2 2 2 2 2 2 2
0 0.935 0.725 0.086 0.216 2 2 2 2 2 2 2
4 0.28 0.336 0.086 0.15 1 1 1 0 1 0 0
0 0.14 0.125 0.102 0.15 2 2 2 2 2 2 2
0 0.29 0.17 0.105 0.161 2 2 2 2 2 2 2
0 0.452 0.211 0.152 0.222 2 2 2 2 2 2 2
0 0.338 0.539 0.102 0.2 2 2 2 2 2 2 2
0 0.574 0.58 0.117 0.173 2 2 2 2 2 2 2
0 0.493 0.895 0.127 0.155 2 2 2 2 2 2 2
0 0.744 0.309 0.081 0.183 2 2 2 2 2 2 2
4 0.388 0.866 0.072 0.145 1 1 1 0 1 0 0
