2 0.106 0.667 0.066 0.1 0 0 1 0 0 0 0
2 0.739 0.6 0.078 0.156 0 0 1 0 0 0 0
2 0.923 0.638 0.111 0.211 0 0 1 0 0 0 0
2 0.591 0.089 0.089 0.144 0 0 1 0 0 0 0
2 0.17 0.138 0.067 0.111 0 0 1 0 0 0 0
2 0.17 0.953 0.111 0.094 0 0 1 0 0 0 0
2 0.96 0.08 0.08 0.161 0 0 1 0 0 0 0
2 0.096 0.275 0.092 0.184 0 0 1 0 0 0 0
7 0.489 0.389 0.097 0.156 0 1 0 0 0 0 0
7 0.784 0.509 0.073 0.183 0 1 0 0 0 0 0
3 0.666 0.198 0.105 0.183 1 1 1 0 1 1 0
0 0.552 0.573 0.136 0.211 2 2 2 2 2 2 2
2 0.274 0.545 0.08 0.133 1 0 1 0 0 0 0
7 0.452 0.775 0.083 0.172 0 1 0 0 0 0 0
