2 0.259 0.275 0.069 0.138 1 0 1 0 1 0 0
2 0.654 0.364 0.08 0.15 1 0 1 0 0 0 0
2 0.588 0.422 0.089 0.156 1 0 1 0 0 0 0
2 0.073 0.572 0.064 0.156 1 0 1 0 0 0 0
2 0.114 0.727 0.087 0.167 1 0 1 0 0 0 0
2 0.109 0.866 0.091 0.145 1 0 1 0 0 0 0
3 0.155 0.622 0.114 0.178 1 1 1 0 1 1 0
0 0.954 0.48 0.08 0.173 2 2 2 2 2 2 2
2 0.534 0.084 0.073 0.133 1 0 1 0 0 0 0
2 0.962 0.234 0.077 0.167 1 0 1 0 0 0 0
2 0.168 0.222 0.083 0.2 1 0 1 0 1 0 0
2 0.616 0.828 0.084 0.156 1 0 1 0 0 0 0
2 0.565 0.711 0.08 0.144 1 0 1 0 0 0 0
2 0.719 0.43 0.056 0.117 1 0 1 0 0 0 0
2 0.71 0.291 0.073 0.117 1 0 1 0 0 0 0
2 0.648 0.495 0.075 0.167 1 0 1 0 1 0 0
