2 0.105 0.217 0.105 0.178 1 0 1 0 0 0 0
2 0.927 0.759 0.083 0.139 1 0 1 0 0 0 0
2 0.945 0.43 0.08 0.139 1 0 1 0 0 0 0
2 0.94 0.161 0.089 0.134 1 0 1 0 0 0 0
2 0.883 0.062 0.106 0.111 1 0 1 0 0 0 0
0 0.695 0.475 0.055 0.116 2 2 2 2 2 2 2
2 0.147 0.858 0.078 0.128 1 0 1 0 0 0 0
2 0.261 0.272 0.091 0.156 1 0 1 0 0 0 0
2 0.332 0.35 0.089 0.134 1 0 1 0 0 0 0
2 0.627 0.545 0.087 0.155 1 0 1 0 1 0 0
2 0.682 0.655 0.08 0.177 1 0 1 0 0 0 0
2 0.753 0.689 0.087 0.144 1 0 1 0 0 0 0
2 0.969 0.536 0.062 0.194 1 0 1 0 0 0 0
