2 0.055 0.428 0.092 0.178 1 0 1 0 0 0 0
2 0.221 0.147 0.095 0.15 1 0 1 0 0 0 0
2 0.304 0.622 0.077 0.122 1 0 1 0 0 0 0
2 0.258 0.558 0.066 0.128 1 0 1 0 0 0 0
2 0.432 0.936 0.098 0.128 1 0 1 0 0 0 0
2 0.402 0.616 0.102 0.167 1 0 1 0 0 0 0
2 0.524 0.516 0.086 0.111 1 0 1 0 0 0 0
2 0.077 0.084 0.105 0.155 1 0 1 0 0 0 0
2 0.591 0.353 0.064 0.128 1 0 1 0 0 0 0
2 0.537 0.288 0.08 0.189 1 0 1 0 0 0 0
2 0.516 0.372 0.062 0.122 1 0 1 0 0 0 0
2 0.105 0.619 0.092 0.15 1 0 1 0 0 0 0
2 0.301 0.116 0.083 0.133 1 0 1 0 0 0 0
3 0.691 0.466 0.098 0.155 1 1 1 0 1 1 0
2 0.182 0.802 0.067 0.117 1 0 1 0 0 0 0
2 0.47 0.427 0.092 0.167 1 0 1 0 0 0 0
2 0.674 0.28 0.133 0.183 1 0 1 0 1 0 0
0 0.962 0.189 0.064 0.166 2 2 2 2 2 2 2
2 0.483 0.795 0.072 0.155 1 0 1 0 0 0 0
