0 0.527 0.414 0.092 0.116 2 2 2 2 2 2 2
1 0.127 0.091 0.075 0.183 1 0 1 1 0 1 0
0 0.054 0.287 0.083 0.139 2 2 2 2 2 2 2
0 0.809 0.222 0.111 0.178 2 2 2 2 2 2 2
0 0.696 0.5 0.133 0.156 2 2 2 2 2 2 2
1 0.187 0.059 0.089 0.117 1 0 1 1 1 1 0
1 0.267 0.064 0.072 0.128 1 0 1 1 1 1 0
1 0.471 0.105 0.089 0.189 1 0 1 1 0 1 0
0 0.218 0.198 0.114 0.161 2 2 2 2 2 2 2
0 0.402 0.286 0.089 0.216 2 2 2 2 2 2 2
1 0.955 0.128 0.077 0.144 1 0 1 1 0 1 0
0 0.912 0.62 0.077 0.195 2 2 2 2 2 2 2
0 0.288 0.748 0.077 0.161 2 2 2 2 2 2 2
0 0.123 0.67 0.094 0.127 2 2 2 2 2 2 2
