0 0.355 0.936 0.123 0.094 2 2 2 2 2 2 2
1 0.162 0.716 0.108 0.189 1 0 1 1 0 1 0
0 0.87 0.22 0.12 0.183 2 2 2 2 2 2 2
0 0.826 0.602 0.114 0.139 2 2 2 2 2 2 2
0 0.598 0.786 0.05 0.128 2 2 2 2 2 2 2
0 0.132 0.234 0.111 0.211 2 2 2 2 2 2 2
1 0.855 0.83 0.075 0.173 1 0 1 1 0 1 0
1 0.915 0.903 0.095 0.194 1 0 1 1 1 1 0
1 0.67 0.75 0.086 0.178 1 0 1 1 0 1 0
1 0.193 0.122 0.095 0.222 1 0 1 1 1 1 0
0 0.095 0.503 0.095 0.172 2 2 2 2 2 2 2
0 0.471 0.111 0.158 0.178 2 2 2 2 2 2 2
0 0.42 0.48 0.198 0.195 2 2 2 2 2 2 2
1 0.816 0.345 0.077 0.133 1 0 1 1 1 1 0
