1 0.085 0.311 0.077 0.144 1 0 1 1 1 1 0
0 0.372 0.578 0.109 0.178 2 2 2 2 2 2 2
0 0.348 0.153 0.133 0.15 2 2 2 2 2 2 2
0 0.852 0.855 0.117 0.211 2 2 2 2 2 2 2
0 0.343 0.93 0.123 0.139 2 2 2 2 2 2 2
0 0.659 0.645 0.102 0.177 2 2 2 2 2 2 2
1 0.951 0.441 0.08 0.183 1 0 1 1 0 1 0
1 0.736 0.392 0.078 0.172 1 0 1 1 0 1 0
0 0.154 0.066 0.111 0.111 2 2 2 2 2 2 2
0 0.702 0.092 0.133 0.172 2 2 2 2 2 2 2
0 0.83 0.291 0.092 0.161 2 2 2 2 2 2 2
0 0.168 0.403 0.114 0.172 2 2 2 2 2 2 2
1 0.622 0.8 0.109 0.144 1 0 1 1 0 1 0
1 0.215 0.855 0.077 0.177 1 0 1 1 0 1 0
1 0.551 0.08 0.083 0.139 1 0 1 1 0 1 0
1 0.082 0.805 0.058 0.133 1 0 1 1 1 1 0
